[gd_scene load_steps=7 format=2]

[ext_resource path="res://models/sam/sam.glb" type="PackedScene" id=1]
[ext_resource path="res://sounds/stretch.ogg" type="AudioStream" id=2]
[ext_resource path="res://textures/particles/leg.png" type="Texture" id=3]
[ext_resource path="res://textures/particles/arm.png" type="Texture" id=4]

[sub_resource type="CapsuleShape" id=1]
radius = 1.3
height = 0.489447

[sub_resource type="Animation" id=2]
resource_name = "idle"
length = 4.0
loop = true
tracks/0/type = "value"
tracks/0/path = NodePath("sam/mesh_0:mesh:surface_1/material:params_grow_amount")
tracks/0/interp = 2
tracks/0/loop_wrap = true
tracks/0/imported = false
tracks/0/enabled = true
tracks/0/keys = {
"times": PoolRealArray( 2, 4 ),
"transitions": PoolRealArray( 1, 1 ),
"update": 0,
"values": [ 0.684, -1.3 ]
}

[node name="sam" type="RigidBody"]

[node name="sam" parent="." instance=ExtResource( 1 )]

[node name="CollisionShape" type="CollisionShape" parent="."]
transform = Transform( 1, 0, 0, 0, 0.642788, -0.766044, 0, 0.766044, 0.642788, 0, -0.203316, 0.199273 )
shape = SubResource( 1 )

[node name="AnimationPlayer" type="AnimationPlayer" parent="."]
autoplay = "idle"
anims/idle = SubResource( 2 )

[node name="AudioStreamPlayer3D" type="AudioStreamPlayer3D" parent="."]
stream = ExtResource( 2 )
unit_size = 3.0
autoplay = true

[node name="Sprite3D" type="Sprite3D" parent="."]
transform = Transform( 0.866025, 0.5, 7.57103e-08, 0.433013, -0.75, -0.5, -0.25, 0.433013, -0.866025, -1.2, 0, 0 )
visible = false
offset = Vector2( -300, 300 )
pixel_size = 0.005
billboard = 1
texture = ExtResource( 4 )

[node name="Sprite3D2" type="Sprite3D" parent="."]
transform = Transform( 0.866025, -0.5, -7.57103e-08, -0.433013, -0.75, -0.5, 0.25, 0.433013, -0.866025, 1, 0, 0 )
visible = false
offset = Vector2( 300, 300 )
flip_h = true
pixel_size = 0.005
billboard = 1
texture = ExtResource( 4 )

[node name="Sprite3D3" type="Sprite3D" parent="."]
transform = Transform( 0.866025, 0.5, 0, -0.5, 0.866025, 0, 0, 0, 1, 0.6, -0.2, 0 )
visible = false
offset = Vector2( 1000, -1000 )
pixel_size = 0.002
billboard = 1
texture = ExtResource( 3 )
region_rect = Rect2( 244.014, 148.724, 138.716, 35.8748 )

[node name="Sprite3D4" type="Sprite3D" parent="."]
transform = Transform( -0.866025, -0.5, -3.25841e-07, -0.5, 0.866025, 0, 2.82187e-07, 1.62921e-07, -1, -0.6, -0.2, 0 )
visible = false
offset = Vector2( -1000, -1000 )
flip_h = true
pixel_size = 0.002
billboard = 1
texture = ExtResource( 3 )

[editable path="sam"]
