[gd_scene load_steps=26 format=2]

[ext_resource path="res://resources/AnimTrees/male.tres" type="AnimationNodeBlendTree" id=1]
[ext_resource path="res://models/ussr male/ussr male.glb" type="PackedScene" id=2]
[ext_resource path="res://models/smg2/smg2.glb" type="PackedScene" id=3]
[ext_resource path="res://models/br/br.glb" type="PackedScene" id=4]
[ext_resource path="res://scenes/Weapons/pistol.tscn" type="PackedScene" id=5]

[sub_resource type="CapsuleShape" id=1]
radius = 0.0251345
height = 0.201076

[sub_resource type="CapsuleShape" id=2]
radius = 0.0219296
height = 0.175437

[sub_resource type="CapsuleShape" id=3]
radius = 0.0189146
height = 0.151317

[sub_resource type="CapsuleShape" id=4]
radius = 0.00949793
height = 0.0759834

[sub_resource type="CapsuleShape" id=5]
radius = 0.012737
height = 0.101896

[sub_resource type="CapsuleShape" id=6]
radius = 0.0298213
height = 0.23857

[sub_resource type="CapsuleShape" id=7]
radius = 0.0245496
height = 0.196397

[sub_resource type="CapsuleShape" id=8]
radius = 0.0123571
height = 0.0988564

[sub_resource type="CapsuleShape" id=9]
radius = 0.0115097
height = 0.0920773

[sub_resource type="CapsuleShape" id=10]
radius = 0.012737
height = 0.101896

[sub_resource type="CapsuleShape" id=11]
radius = 0.0298213
height = 0.23857

[sub_resource type="CapsuleShape" id=12]
radius = 0.0245496
height = 0.196397

[sub_resource type="CapsuleShape" id=13]
radius = 0.0123571
height = 0.0988564

[sub_resource type="CapsuleShape" id=14]
radius = 0.0115097
height = 0.0920773

[sub_resource type="CapsuleShape" id=15]
radius = 0.0450845
height = 0.360676

[sub_resource type="CapsuleShape" id=16]
radius = 0.0436294
height = 0.349035

[sub_resource type="CapsuleShape" id=17]
radius = 0.0137038
height = 0.109631

[sub_resource type="CapsuleShape" id=18]
radius = 0.0450845
height = 0.360676

[sub_resource type="CapsuleShape" id=19]
radius = 0.0436294
height = 0.349035

[sub_resource type="CapsuleShape" id=20]
radius = 0.0137038
height = 0.109631

[node name="ussr male" instance=ExtResource( 2 )]

[node name="Skeleton" parent="Armature" index="0"]
bones/15/bound_children = [ NodePath("hand_r") ]

[node name="hand_r" type="BoneAttachment" parent="Armature/Skeleton" index="1"]
transform = Transform( -0.99928, 0.0343796, -0.0160331, -0.0183891, -0.0693457, 0.997423, 0.0331791, 0.997, 0.0699279, -0.124334, 1.26453, 0.387395 )
bone_name = "hand_r"

[node name="helper" type="Spatial" parent="Armature/Skeleton/hand_r" index="0"]
transform = Transform( 1, -6.55651e-07, 2.86594e-14, 0, -4.37114e-08, -1, 6.55651e-07, 1, -4.37114e-08, 0.0108306, 0.0695195, -0.0448492 )
visible = false

[node name="smg2" parent="Armature/Skeleton/hand_r/helper" index="0" instance=ExtResource( 3 )]
transform = Transform( 0.297764, 0, 0.0365608, 0, 0.3, 0, -0.0365608, 0, 0.297764, -0.0016534, 0.0538143, -0.0743475 )
visible = false

[node name="br" parent="Armature/Skeleton/hand_r/helper" index="1" instance=ExtResource( 4 )]
transform = Transform( 0.297764, 0, 0.0365608, 0, 0.3, 0, -0.0365608, 0, 0.297764, 0, 0.067, -0.063 )

[node name="pistol" parent="Armature/Skeleton/hand_r/helper" index="2" instance=ExtResource( 5 )]
transform = Transform( 0.25, -2.45615e-05, -8.25964e-07, 2.45481e-05, 0.249998, 0.000951909, 7.42267e-07, -0.000951916, 0.249998, 0.00155479, -0.00127719, 0.0602579 )
visible = false

[node name="Physical Bone hips" type="PhysicalBone" parent="Armature/Skeleton" index="2"]
transform = Transform( 0.99574, -1.76879e-15, -0.0922082, 0, 1, 0, 0.0922082, -1.63795e-16, 0.99574, 0.0115881, 0.898519, -0.173308 )
joint_offset = Transform( 1, 0, 0, 0, 1, 0, 0, 0, 1, 4.65661e-10, 1.78814e-07, 0.125673 )
body_offset = Transform( 1, -1.77636e-15, 0, 0, 1, 0, 0, 0, 1, -4.65661e-10, -1.78814e-07, -0.125673 )
bone_name = "hips"

[node name="CollisionShape" type="CollisionShape" parent="Armature/Skeleton/Physical Bone hips" index="0"]
shape = SubResource( 1 )

[node name="Physical Bone spine" type="PhysicalBone" parent="Armature/Skeleton" index="3"]
transform = Transform( 0.996968, -0.012099, -0.0768711, 0.00506702, 0.995836, -0.0910222, 0.0776523, 0.090357, 0.992877, 0.00842876, 1.15985, -0.157037 )
joint_type = 1
joint_offset = Transform( 1, 0, 0, 0, 1, 0, 0, 0, 1, 1.16415e-09, -1.53521e-07, 0.109648 )
body_offset = Transform( 1, 4.65661e-10, 0, 9.31323e-10, 1, 3.12924e-07, 0, 0, 1, -1.16415e-09, 1.19209e-07, -0.109648 )
bone_name = "spine"
joint_constraints/bias = 0.3
joint_constraints/damping = 1.0
joint_constraints/impulse_clamp = 0.0

[node name="CollisionShape" type="CollisionShape" parent="Armature/Skeleton/Physical Bone spine" index="0"]
shape = SubResource( 2 )

[node name="Physical Bone chest" type="PhysicalBone" parent="Armature/Skeleton" index="4"]
transform = Transform( 0.997538, -0.0250971, -0.0654799, 0.00639825, 0.962442, -0.271411, 0.0698323, 0.270324, 0.960234, 0.00353936, 1.39392, -0.119167 )
joint_type = 1
joint_offset = Transform( 1, 0, 0, 0, 1, 0, 0, 0, 1, -2.80622e-09, -9.36763e-07, 0.0945731 )
body_offset = Transform( 1, 9.31323e-09, 1.49012e-08, -9.31323e-09, 1, -1.78814e-07, -2.23517e-08, 1.78814e-07, 1, 1.39698e-09, 9.53674e-07, -0.0945731 )
bone_name = "chest"
joint_constraints/bias = 0.3
joint_constraints/damping = 1.0
joint_constraints/impulse_clamp = 0.0

[node name="CollisionShape" type="CollisionShape" parent="Armature/Skeleton/Physical Bone chest" index="0"]
shape = SubResource( 3 )

[node name="Physical Bone neck" type="PhysicalBone" parent="Armature/Skeleton" index="5"]
transform = Transform( 0.994471, -0.0605751, -0.0857765, 0.00221477, 0.828764, -0.559593, 0.104986, 0.55631, 0.824317, -0.00332678, 1.57686, -0.0163711 )
joint_type = 1
joint_offset = Transform( 1, 0, 0, 0, 1, 0, 0, 0, 1, -1.16411e-10, 1.17794e-07, 0.0474896 )
body_offset = Transform( 1, -3.35276e-08, 0, -1.49012e-08, 1, 2.98023e-08, -1.49012e-08, 1.49012e-07, 1, 1.16415e-10, -1.19209e-07, -0.0474896 )
bone_name = "neck"
joint_constraints/bias = 0.3
joint_constraints/damping = 1.0
joint_constraints/impulse_clamp = 0.0

[node name="CollisionShape" type="CollisionShape" parent="Armature/Skeleton/Physical Bone neck" index="0"]
shape = SubResource( 4 )

[node name="Physical Bone coller_l" type="PhysicalBone" parent="Armature/Skeleton" index="6"]
transform = Transform( -0.133605, 0.985457, -0.104999, -0.94699, -0.158183, -0.27962, -0.292163, 0.0620745, 0.954352, 0.0699847, 1.54601, -0.0397916 )
joint_type = 1
joint_offset = Transform( 1, 0, 0, 0, 1, 0, 0, 0, 1, -9.5747e-07, -2.81417e-08, 0.0636843 )
body_offset = Transform( 1, 9.12696e-08, 5.96046e-08, -8.75443e-08, 1, -2.6077e-08, -2.68221e-07, -7.82311e-08, 1, 9.53674e-07, 2.98023e-08, -0.0636843 )
bone_name = "coller_l"
joint_constraints/bias = 0.3
joint_constraints/damping = 1.0
joint_constraints/impulse_clamp = 0.0

[node name="CollisionShape" type="CollisionShape" parent="Armature/Skeleton/Physical Bone coller_l" index="0"]
shape = SubResource( 5 )

[node name="Physical Bone upper_arm_l" type="PhysicalBone" parent="Armature/Skeleton" index="7"]
transform = Transform( -0.788423, -0.382065, -0.482094, -0.340233, -0.382076, 0.859221, -0.512475, 0.841454, 0.171246, 0.260698, 1.37994, 0.00335866 )
joint_type = 1
joint_offset = Transform( 1, 0, 0, 0, 1, 0, 0, 0, 1, -2.55808e-07, -3.77239e-07, 0.149106 )
body_offset = Transform( 1, -1.19209e-07, -2.83122e-07, -1.49012e-07, 1, -2.68221e-07, -5.21541e-08, -1.49012e-07, 1, 2.98023e-07, 4.17233e-07, -0.149106 )
bone_name = "upper_arm_l"
joint_constraints/bias = 0.3
joint_constraints/damping = 1.0
joint_constraints/impulse_clamp = 0.0

[node name="CollisionShape" type="CollisionShape" parent="Armature/Skeleton/Physical Bone upper_arm_l" index="0"]
shape = SubResource( 6 )

[node name="Physical Bone lower_arm_l" type="PhysicalBone" parent="Armature/Skeleton" index="8"]
transform = Transform( -0.0560681, -0.696372, 0.715487, 0.980305, 0.0975208, 0.171736, -0.189367, 0.711024, 0.677189, -0.0129461, 1.37303, 0.196701 )
joint_type = 1
joint_offset = Transform( 1, 0, 0, 0, 1, 0, 0, 0, 1, -3.61286e-07, 1.09745e-08, 0.122748 )
body_offset = Transform( 1, 0, 2.98023e-08, -1.3411e-07, 1, -8.9407e-08, 5.96046e-08, 4.17233e-07, 1, 3.57628e-07, 0, -0.122748 )
bone_name = "lower_arm_l"
joint_constraints/bias = 0.3
joint_constraints/damping = 1.0
joint_constraints/impulse_clamp = 0.0

[node name="CollisionShape" type="CollisionShape" parent="Armature/Skeleton/Physical Bone lower_arm_l" index="0"]
shape = SubResource( 7 )

[node name="Physical Bone hand_l" type="PhysicalBone" parent="Armature/Skeleton" index="9"]
transform = Transform( -0.0857113, -0.692124, 0.716671, 0.951998, 0.155267, 0.263805, -0.293861, 0.70488, 0.645593, -0.140358, 1.40175, 0.414489 )
joint_type = 1
joint_offset = Transform( 1, 0, 0, 0, 1, 0, 0, 0, 1, 3.4658e-07, 5.59219e-08, 0.0617855 )
body_offset = Transform( 1, 7.45058e-08, 1.78814e-07, 1.49012e-08, 1, 5.96046e-08, -1.04308e-07, 2.68221e-07, 1, -3.57628e-07, -5.96046e-08, -0.0617855 )
bone_name = "hand_l"
joint_constraints/bias = 0.3
joint_constraints/damping = 1.0
joint_constraints/impulse_clamp = 0.0

[node name="CollisionShape" type="CollisionShape" parent="Armature/Skeleton/Physical Bone hand_l" index="0"]
shape = SubResource( 8 )

[node name="Physical Bone upper_thumb_l" type="PhysicalBone" parent="Armature/Skeleton" index="10"]
transform = Transform( 0.141363, -0.223969, 0.964289, 0.843761, 0.536718, 0.000966701, -0.517767, 0.813493, 0.264848, -0.151571, 1.418, 0.439136 )
joint_type = 1
joint_offset = Transform( 1, 0, 0, 0, 1, 0, 0, 0, 1, -1.87389e-07, 2.43564e-07, 0.0575483 )
body_offset = Transform( 1, 3.27826e-07, 1.49012e-07, 5.96046e-08, 1, -8.9407e-08, 1.49012e-07, -1.49012e-08, 1, 1.78814e-07, -2.38419e-07, -0.0575483 )
bone_name = "upper_thumb_l"
joint_constraints/bias = 0.3
joint_constraints/damping = 1.0
joint_constraints/impulse_clamp = 0.0

[node name="CollisionShape" type="CollisionShape" parent="Armature/Skeleton/Physical Bone upper_thumb_l" index="0"]
shape = SubResource( 9 )

[node name="Physical Bone coller_r" type="PhysicalBone" parent="Armature/Skeleton" index="11"]
transform = Transform( -0.185084, -0.982394, -0.0254252, 0.944946, -0.170805, -0.27911, 0.269853, -0.0756842, 0.959923, -0.0752529, 1.54507, -0.0499591 )
joint_type = 1
joint_offset = Transform( 1, 0, 0, 0, 1, 0, 0, 0, 1, 1.89795e-09, -1.6154e-07, 0.0636847 )
body_offset = Transform( 1, 1.11759e-08, -2.98023e-08, 2.04891e-08, 1, -3.72529e-08, -2.98023e-08, 1.49012e-08, 1, 0, 1.63913e-07, -0.0636847 )
bone_name = "coller_r"
joint_constraints/bias = 0.3
joint_constraints/damping = 1.0
joint_constraints/impulse_clamp = 0.0

[node name="CollisionShape" type="CollisionShape" parent="Armature/Skeleton/Physical Bone coller_r" index="0"]
shape = SubResource( 10 )

[node name="Physical Bone upper_arm_r" type="PhysicalBone" parent="Armature/Skeleton" index="12"]
transform = Transform( -0.92363, -0.0994683, -0.370155, 0.0275262, -0.98046, 0.194785, -0.382297, 0.16972, 0.908319, -0.146807, 1.4765, -0.133903 )
joint_type = 1
joint_offset = Transform( 1, 0, 0, 0, 1, 0, 0, 0, 1, -1.11359e-07, 1.08621e-06, 0.149106 )
body_offset = Transform( 1, 9.68575e-08, 4.47035e-07, -5.96046e-08, 1, -8.9407e-08, 2.38419e-07, 0, 1, 4.47035e-08, -1.07288e-06, -0.149106 )
bone_name = "upper_arm_r"
joint_constraints/bias = 0.3
joint_constraints/damping = 1.0
joint_constraints/impulse_clamp = 0.0

[node name="CollisionShape" type="CollisionShape" parent="Armature/Skeleton/Physical Bone upper_arm_r" index="0"]
shape = SubResource( 11 )

[node name="Physical Bone lower_arm_r" type="PhysicalBone" parent="Armature/Skeleton" index="13"]
transform = Transform( -0.946276, 0.322874, -0.0177216, 0.155317, 0.501902, 0.850865, 0.283617, 0.802401, -0.525086, -0.229487, 1.10872, 0.116599 )
joint_type = 1
joint_offset = Transform( 1, 0, 0, 0, 1, 0, 0, 0, 1, -2.45735e-07, 2.60368e-07, 0.122748 )
body_offset = Transform( 1, 2.98023e-08, 5.96046e-08, -4.47035e-08, 1, -1.78814e-07, -7.45058e-08, 0, 1, 2.38419e-07, -2.38419e-07, -0.122748 )
bone_name = "lower_arm_r"
joint_constraints/bias = 0.3
joint_constraints/damping = 1.0
joint_constraints/impulse_clamp = 0.0

[node name="CollisionShape" type="CollisionShape" parent="Armature/Skeleton/Physical Bone lower_arm_r" index="0"]
shape = SubResource( 12 )

[node name="Physical Bone hand_r" type="PhysicalBone" parent="Armature/Skeleton" index="14"]
transform = Transform( -0.998404, -0.056472, 0.000267134, -0.00971985, 0.176498, 0.984253, -0.0556299, 0.98268, -0.176765, -0.152414, 1.27556, 0.260054 )
joint_type = 1
joint_offset = Transform( 1, 0, 0, 0, 1, 0, 0, 0, 1, 1.41531e-08, -2.06775e-07, 0.0617856 )
body_offset = Transform( 1, -4.47035e-08, 1.21072e-08, 2.23517e-08, 1, -2.98023e-08, -1.76951e-08, 8.9407e-08, 1, -1.49012e-08, 2.08616e-07, -0.0617856 )
bone_name = "hand_r"
joint_constraints/bias = 0.3
joint_constraints/damping = 1.0
joint_constraints/impulse_clamp = 0.0

[node name="CollisionShape" type="CollisionShape" parent="Armature/Skeleton/Physical Bone hand_r" index="0"]
shape = SubResource( 13 )

[node name="Physical Bone upper_thumb_r" type="PhysicalBone" parent="Armature/Skeleton" index="15"]
transform = Transform( -0.936702, 0.321369, -0.138965, 0.118689, 0.664849, 0.737489, 0.329397, 0.674313, -0.660908, -0.1444, 1.29393, 0.287167 )
joint_type = 1
joint_offset = Transform( 1, 0, 0, 0, 1, 0, 0, 0, 1, 1.09776e-07, -2.22962e-08, 0.0575488 )
body_offset = Transform( 1, -8.9407e-08, 1.63913e-07, 1.49012e-08, 1, 3.8743e-07, 8.9407e-08, 2.68221e-07, 1, -1.19209e-07, 0, -0.0575488 )
bone_name = "upper_thumb_r"
joint_constraints/bias = 0.3
joint_constraints/damping = 1.0
joint_constraints/impulse_clamp = 0.0

[node name="CollisionShape" type="CollisionShape" parent="Armature/Skeleton/Physical Bone upper_thumb_r" index="0"]
shape = SubResource( 14 )

[node name="Physical Bone thigh_l" type="PhysicalBone" parent="Armature/Skeleton" index="16"]
transform = Transform( -0.995473, -0.0055421, -0.0911407, 0.0045383, -0.999927, 0.0111555, -0.0913525, 0.0107168, 0.993719, 0.112455, 0.942817, -0.227943 )
joint_type = 1
joint_offset = Transform( 1, 0, 0, 0, 1, 0, 0, 0, 1, -2.32988e-08, -4.17233e-07, 0.225423 )
body_offset = Transform( 1, 1.92085e-08, 3.72529e-08, 1.6531e-08, 1, 0, -4.47035e-08, -1.49012e-07, 1, 1.49012e-08, 4.17233e-07, -0.225423 )
bone_name = "thigh_l"
joint_constraints/bias = 0.3
joint_constraints/damping = 1.0
joint_constraints/impulse_clamp = 0.0

[node name="CollisionShape" type="CollisionShape" parent="Armature/Skeleton/Physical Bone thigh_l" index="0"]
shape = SubResource( 15 )

[node name="Physical Bone shin_l" type="PhysicalBone" parent="Armature/Skeleton" index="17"]
transform = Transform( -0.995145, -0.0165599, -0.093362, 0.0260623, -0.994496, -0.101479, -0.0913253, -0.103205, 0.988406, 0.109778, 0.516657, -0.214722 )
joint_type = 1
joint_offset = Transform( 1, 0, 0, 0, 1, 0, 0, 0, 1, 4.21289e-08, 3.19699e-07, 0.218147 )
body_offset = Transform( 1, 7.45058e-09, -2.23517e-08, 3.44589e-08, 1, 3.72529e-08, -1.49012e-08, 6.70552e-08, 1, -3.72529e-08, -3.27826e-07, -0.218147 )
bone_name = "shin_l"
joint_constraints/bias = 0.3
joint_constraints/damping = 1.0
joint_constraints/impulse_clamp = 0.0

[node name="CollisionShape" type="CollisionShape" parent="Armature/Skeleton/Physical Bone shin_l" index="0"]
shape = SubResource( 16 )

[node name="Physical Bone foot_l" type="PhysicalBone" parent="Armature/Skeleton" index="18"]
transform = Transform( -0.995483, -0.0623422, -0.0665677, 1.13733e-05, -0.730031, 0.683413, -0.0913584, 0.679193, 0.725458, 0.0867473, 0.0138009, -0.0938399 )
joint_type = 1
joint_offset = Transform( 1, 0, 0, 0, 1, 0, 0, 0, 1, 4.38753e-09, -3.52109e-08, 0.0685192 )
body_offset = Transform( 1, 2.98023e-08, 4.47035e-08, -1.11759e-08, 1, -2.98023e-08, 2.98023e-08, 2.38419e-07, 1, -7.45058e-09, 3.72529e-08, -0.0685192 )
bone_name = "foot_l"
joint_constraints/bias = 0.3
joint_constraints/damping = 1.0
joint_constraints/impulse_clamp = 0.0

[node name="CollisionShape" type="CollisionShape" parent="Armature/Skeleton/Physical Bone foot_l" index="0"]
shape = SubResource( 17 )

[node name="Physical Bone thigh_r" type="PhysicalBone" parent="Armature/Skeleton" index="19"]
transform = Transform( -0.995321, 0.00347991, -0.0928866, -0.00453833, -0.999927, 0.0111555, -0.0930005, 0.0115523, 0.993558, -0.0775309, 0.942817, -0.245535 )
joint_type = 1
joint_offset = Transform( 1, 0, 0, 0, 1, 0, 0, 0, 1, -6.50354e-09, -1.78814e-07, 0.225422 )
body_offset = Transform( 1, -1.33878e-08, -3.72529e-08, 1.0361e-08, 1, 0, 0, -3.07336e-08, 1, 1.49012e-08, 1.78814e-07, -0.225422 )
bone_name = "thigh_r"
joint_constraints/bias = 0.3
joint_constraints/damping = 1.0
joint_constraints/impulse_clamp = 0.0

[node name="CollisionShape" type="CollisionShape" parent="Armature/Skeleton/Physical Bone thigh_r" index="0"]
shape = SubResource( 18 )

[node name="Physical Bone shin_r" type="PhysicalBone" parent="Armature/Skeleton" index="20"]
transform = Transform( -0.994993, 0.03523, -0.0897273, -0.0260624, -0.994495, -0.101479, -0.0929669, -0.0984093, 0.988743, -0.077327, 0.516657, -0.232049 )
joint_type = 1
joint_offset = Transform( 1, 0, 0, 0, 1, 0, 0, 0, 1, -1.00252e-08, 6.99031e-08, 0.218147 )
body_offset = Transform( 1, 1.39698e-08, -2.23517e-08, 2.14204e-08, 1, 8.9407e-08, 2.23517e-08, 7.45058e-09, 1, 1.49012e-08, -8.9407e-08, -0.218147 )
bone_name = "shin_r"
joint_constraints/bias = 0.3
joint_constraints/damping = 1.0
joint_constraints/impulse_clamp = 0.0

[node name="CollisionShape" type="CollisionShape" parent="Armature/Skeleton/Physical Bone shin_r" index="0"]
shape = SubResource( 19 )

[node name="Physical Bone foot_r" type="PhysicalBone" parent="Armature/Skeleton" index="21"]
transform = Transform( -0.995331, -0.0634386, -0.0677803, -1.11546e-05, -0.730031, 0.683413, -0.0929962, 0.679091, 0.725345, -0.0768859, 0.0138009, -0.108993 )
joint_type = 1
joint_offset = Transform( 1, 0, 0, 0, 1, 0, 0, 0, 1, -3.36793e-08, -4.26614e-08, 0.0685192 )
body_offset = Transform( 1, 0, -5.21541e-08, 3.72529e-08, 1, -2.98023e-08, 1.49012e-08, 0, 1, 3.72529e-08, 4.47035e-08, -0.0685192 )
bone_name = "foot_r"
joint_constraints/bias = 0.3
joint_constraints/damping = 1.0
joint_constraints/impulse_clamp = 0.0

[node name="CollisionShape" type="CollisionShape" parent="Armature/Skeleton/Physical Bone foot_r" index="0"]
shape = SubResource( 20 )

[node name="SkeletonIK" type="SkeletonIK" parent="Armature/Skeleton" index="22"]
process_priority = 1
root_bone = "hips"
tip_bone = "spine"
target_node = NodePath("../tilt")

[node name="tilt" type="Position3D" parent="Armature/Skeleton" index="23"]
transform = Transform( 1, 0, 0, 0, 1, 0, 0, 0, 1, 0, 1, 0 )

[node name="AnimationTree" type="AnimationTree" parent="." index="2"]
tree_root = ExtResource( 1 )
anim_player = NodePath("../AnimationPlayer")
active = true
parameters/Blend3/blend_amount = 1.0
parameters/aim/blend_amount = 1.0
parameters/speed/scale = 1.0
parameters/stance/blend_amount = 1.0
parameters/strafe/add_amount = 0.0
parameters/strafe_dir/blend_amount = 0.0
