[gd_scene load_steps=26 format=2]

[ext_resource path="res://resources/AnimTrees/male.tres" type="AnimationNodeBlendTree" id=1]
[ext_resource path="res://models/ussr male/ussr male.glb" type="PackedScene" id=2]
[ext_resource path="res://models/smg2/smg2.glb" type="PackedScene" id=3]
[ext_resource path="res://models/br/br.glb" type="PackedScene" id=4]
[ext_resource path="res://scenes/Weapons/pistol.tscn" type="PackedScene" id=5]

[sub_resource type="CapsuleShape" id=1]
radius = 0.0251345
height = 0.201076

[sub_resource type="CapsuleShape" id=2]
radius = 0.0219296
height = 0.175437

[sub_resource type="CapsuleShape" id=3]
radius = 0.0189146
height = 0.151317

[sub_resource type="CapsuleShape" id=4]
radius = 0.00949793
height = 0.0759834

[sub_resource type="CapsuleShape" id=5]
radius = 0.012737
height = 0.101896

[sub_resource type="CapsuleShape" id=6]
radius = 0.0298213
height = 0.23857

[sub_resource type="CapsuleShape" id=7]
radius = 0.0245496
height = 0.196397

[sub_resource type="CapsuleShape" id=8]
radius = 0.0123571
height = 0.0988564

[sub_resource type="CapsuleShape" id=9]
radius = 0.0115097
height = 0.0920773

[sub_resource type="CapsuleShape" id=10]
radius = 0.012737
height = 0.101896

[sub_resource type="CapsuleShape" id=11]
radius = 0.0298213
height = 0.23857

[sub_resource type="CapsuleShape" id=12]
radius = 0.0245496
height = 0.196397

[sub_resource type="CapsuleShape" id=13]
radius = 0.0123571
height = 0.0988564

[sub_resource type="CapsuleShape" id=14]
radius = 0.0115097
height = 0.0920773

[sub_resource type="CapsuleShape" id=15]
radius = 0.0450845
height = 0.360676

[sub_resource type="CapsuleShape" id=16]
radius = 0.0436294
height = 0.349035

[sub_resource type="CapsuleShape" id=17]
radius = 0.0137038
height = 0.109631

[sub_resource type="CapsuleShape" id=18]
radius = 0.0450845
height = 0.360676

[sub_resource type="CapsuleShape" id=19]
radius = 0.0436294
height = 0.349035

[sub_resource type="CapsuleShape" id=20]
radius = 0.0137038
height = 0.109631

[node name="ussr male" instance=ExtResource( 2 )]

[node name="hand_r" type="BoneAttachment" parent="Armature/Skeleton" index="1"]
transform = Transform( -0.99928, 0.0343796, -0.0160331, -0.0183891, -0.0693457, 0.997423, 0.0331791, 0.997, 0.0699279, -0.124334, 1.25286, 0.385449 )
bone_name = "hand_r"

[node name="helper" type="Spatial" parent="Armature/Skeleton/hand_r" index="0"]
transform = Transform( 1, -6.55651e-07, 2.86594e-14, 0, -4.37114e-08, -1, 6.55651e-07, 1, -4.37114e-08, 0.0108306, 0.0695195, -0.0448492 )
visible = false

[node name="smg2" parent="Armature/Skeleton/hand_r/helper" index="0" instance=ExtResource( 3 )]
transform = Transform( 0.297764, 0, 0.0365608, 0, 0.3, 0, -0.0365608, 0, 0.297764, -0.0016534, 0.0538143, -0.0743475 )
visible = false

[node name="br" parent="Armature/Skeleton/hand_r/helper" index="1" instance=ExtResource( 4 )]
transform = Transform( 0.297764, 0, 0.0365608, 0, 0.3, 0, -0.0365608, 0, 0.297764, 0, 0.067, -0.063 )

[node name="pistol" parent="Armature/Skeleton/hand_r/helper" index="2" instance=ExtResource( 5 )]
transform = Transform( 0.25, -2.45615e-05, -8.25964e-07, 2.45481e-05, 0.249998, 0.000951909, 7.42267e-07, -0.000951916, 0.249998, 0.00155479, -0.00127719, 0.0602579 )
visible = false

[node name="Physical Bone hips" type="PhysicalBone" parent="Armature/Skeleton" index="2"]
transform = Transform( 1, -1.86265e-09, -1.49012e-08, -1.86265e-09, 0.969656, -0.244473, 7.45058e-09, 0.244473, 0.969656, 1.40701e-09, 0.945218, -0.142399 )
joint_offset = Transform( 1, 0, 0, 0, 1, 0, 0, 0, 1, 4.65661e-10, 2.38419e-07, 0.125673 )
body_offset = Transform( 1, -1.9984e-15, -8.88178e-16, 0, 1, 0, 0, 0, 1, -4.65661e-10, -2.38419e-07, -0.125673 )
bone_name = "hips"

[node name="CollisionShape" type="CollisionShape" parent="Armature/Skeleton/Physical Bone hips" index="0"]
shape = SubResource( 1 )

[node name="Physical Bone spine" type="PhysicalBone" parent="Armature/Skeleton" index="3"]
transform = Transform( 0.99988, -0.00371584, 0.0150079, 0.00848432, 0.94335, -0.331691, -0.0129252, 0.331779, 0.943269, -0.00164559, 1.19458, -0.0625199 )
joint_type = 1
joint_offset = Transform( 1, 0, 0, 0, 1, 0, 0, 0, 1, 2.79397e-09, -1.58422e-07, 0.109648 )
body_offset = Transform( 1, 0, 0, 9.31323e-10, 1, 3.57628e-07, -1.86265e-09, 0, 1, -2.79397e-09, 1.19209e-07, -0.109648 )
bone_name = "spine"
joint_constraints/bias = 0.3
joint_constraints/damping = 1.0
joint_constraints/impulse_clamp = 0.0

[node name="CollisionShape" type="CollisionShape" parent="Armature/Skeleton/Physical Bone spine" index="0"]
shape = SubResource( 2 )

[node name="Physical Bone chest" type="PhysicalBone" parent="Armature/Skeleton" index="4"]
transform = Transform( 0.999728, -6.40534e-05, 0.0233404, 0.0116917, 0.866867, -0.498403, -0.0202011, 0.49854, 0.866632, -0.00302225, 1.41222, 0.0317057 )
joint_type = 1
joint_offset = Transform( 1, 0, 0, 0, 1, 0, 0, 0, 1, -3.09573e-09, -1.05879e-06, 0.0945731 )
body_offset = Transform( 1, 1.02445e-08, 1.30385e-08, -8.3819e-09, 1, -1.49012e-07, -2.04891e-08, 1.78814e-07, 1, 1.86265e-09, 1.07288e-06, -0.0945731 )
bone_name = "chest"
joint_constraints/bias = 0.3
joint_constraints/damping = 1.0
joint_constraints/impulse_clamp = 0.0

[node name="CollisionShape" type="CollisionShape" parent="Armature/Skeleton/Physical Bone chest" index="0"]
shape = SubResource( 3 )

[node name="Physical Bone neck" type="PhysicalBone" parent="Armature/Skeleton" index="5"]
transform = Transform( 0.999915, -0.00902078, -0.00940233, -0.000991527, 0.666828, -0.745211, 0.0129921, 0.745157, 0.666762, -0.000380471, 1.56444, 0.176298 )
joint_type = 1
joint_offset = Transform( 1, 0, 0, 0, 1, 0, 0, 0, 1, -4.21425e-10, 2.38419e-07, 0.0474896 )
body_offset = Transform( 1, -3.44589e-08, -9.31323e-10, -1.49012e-08, 1, 0, -1.58325e-08, 2.08616e-07, 1, 4.65661e-10, -2.38419e-07, -0.0474896 )
bone_name = "neck"
joint_constraints/bias = 0.3
joint_constraints/damping = 1.0
joint_constraints/impulse_clamp = 0.0

[node name="CollisionShape" type="CollisionShape" parent="Armature/Skeleton/Physical Bone neck" index="0"]
shape = SubResource( 4 )

[node name="Physical Bone coller_l" type="PhysicalBone" parent="Armature/Skeleton" index="6"]
transform = Transform( -0.159976, 0.986982, -0.016553, -0.850145, -0.14628, -0.505822, -0.501659, -0.066847, 0.862479, 0.0704592, 1.54187, 0.139586 )
joint_type = 1
joint_offset = Transform( 1, 0, 0, 0, 1, 0, 0, 0, 1, -1.07478e-06, -4.30429e-08, 0.0636842 )
body_offset = Transform( 1, 9.31323e-08, 2.98023e-08, -1.04308e-07, 1, -2.6077e-08, -2.38419e-07, -7.82311e-08, 1, 1.07288e-06, 4.47035e-08, -0.0636842 )
bone_name = "coller_l"
joint_constraints/bias = 0.3
joint_constraints/damping = 1.0
joint_constraints/impulse_clamp = 0.0

[node name="CollisionShape" type="CollisionShape" parent="Armature/Skeleton/Physical Bone coller_l" index="0"]
shape = SubResource( 5 )

[node name="Physical Bone upper_arm_l" type="PhysicalBone" parent="Armature/Skeleton" index="7"]
transform = Transform( -0.832318, -0.302848, -0.46425, -0.222929, -0.583931, 0.780594, -0.507492, 0.753198, 0.418503, 0.264339, 1.37464, 0.123597 )
joint_type = 1
joint_offset = Transform( 1, 0, 0, 0, 1, 0, 0, 0, 1, -2.51364e-07, -3.72796e-07, 0.149106 )
body_offset = Transform( 1, -8.9407e-08, -3.12924e-07, -1.78814e-07, 1, -2.98023e-07, -2.98023e-08, -1.49012e-07, 1, 2.98023e-07, 4.17233e-07, -0.149106 )
bone_name = "upper_arm_l"
joint_constraints/bias = 0.3
joint_constraints/damping = 1.0
joint_constraints/impulse_clamp = 0.0

[node name="CollisionShape" type="CollisionShape" parent="Armature/Skeleton/Physical Bone upper_arm_l" index="0"]
shape = SubResource( 6 )

[node name="Physical Bone lower_arm_l" type="PhysicalBone" parent="Armature/Skeleton" index="8"]
transform = Transform( -0.0732902, -0.627843, 0.774881, 0.995392, -0.0942217, 0.0178043, 0.0618323, 0.772615, 0.631856, 0.00968812, 1.31471, 0.333052 )
joint_type = 1
joint_offset = Transform( 1, 0, 0, 0, 1, 0, 0, 0, 1, -3.61743e-07, -2.2486e-08, 0.122748 )
body_offset = Transform( 1, -3.72529e-09, 3.35276e-08, -1.37836e-07, 1, -5.96046e-08, 6.33299e-08, 4.47035e-07, 1, 3.57628e-07, 2.98023e-08, -0.122748 )
bone_name = "lower_arm_l"
joint_constraints/bias = 0.3
joint_constraints/damping = 1.0
joint_constraints/impulse_clamp = 0.0

[node name="CollisionShape" type="CollisionShape" parent="Armature/Skeleton/Physical Bone lower_arm_l" index="0"]
shape = SubResource( 7 )

[node name="Physical Bone hand_l" type="PhysicalBone" parent="Armature/Skeleton" index="9"]
transform = Transform( -0.112442, -0.62418, 0.773147, 0.992713, -0.0366361, 0.114798, -0.0433292, 0.780421, 0.623751, -0.0970988, 1.28667, 0.561746 )
joint_type = 1
joint_offset = Transform( 1, 0, 0, 0, 1, 0, 0, 0, 1, 4.65559e-07, 5.59219e-08, 0.0617855 )
body_offset = Transform( 1, 7.45058e-08, 1.82539e-07, 1.86265e-08, 1, 5.96046e-08, -1.04308e-07, 2.68221e-07, 1, -4.76837e-07, -5.96046e-08, -0.0617855 )
bone_name = "hand_l"
joint_constraints/bias = 0.3
joint_constraints/damping = 1.0
joint_constraints/impulse_clamp = 0.0

[node name="CollisionShape" type="CollisionShape" parent="Armature/Skeleton/Physical Bone hand_l" index="0"]
shape = SubResource( 8 )

[node name="Physical Bone upper_thumb_l" type="PhysicalBone" parent="Armature/Skeleton" index="10"]
transform = Transform( 0.0930181, -0.148004, 0.984602, 0.947386, 0.317353, -0.0417978, -0.30628, 0.936686, 0.169737, -0.105992, 1.29617, 0.590517 )
joint_type = 1
joint_offset = Transform( 1, 0, 0, 0, 1, 0, 0, 0, 1, -2.47423e-07, 2.44421e-07, 0.0575483 )
body_offset = Transform( 1, 3.27826e-07, 1.56462e-07, 8.9407e-08, 1, -1.04308e-07, 1.67638e-07, -1.49012e-08, 1, 2.38419e-07, -2.38419e-07, -0.0575483 )
bone_name = "upper_thumb_l"
joint_constraints/bias = 0.3
joint_constraints/damping = 1.0
joint_constraints/impulse_clamp = 0.0

[node name="CollisionShape" type="CollisionShape" parent="Armature/Skeleton/Physical Bone upper_thumb_l" index="0"]
shape = SubResource( 9 )

[node name="Physical Bone coller_r" type="PhysicalBone" parent="Armature/Skeleton" index="11"]
transform = Transform( -0.159413, -0.985187, 0.0631959, 0.84641, -0.169344, -0.504889, 0.508112, -0.0269962, 0.860868, -0.0750973, 1.54017, 0.142527 )
joint_type = 1
joint_offset = Transform( 1, 0, 0, 0, 1, 0, 0, 0, 1, -1.17311e-07, -1.75848e-07, 0.0636848 )
body_offset = Transform( 1, 2.42144e-08, -2.98023e-08, 2.32831e-08, 1, -4.65661e-08, -2.98023e-08, 1.67638e-08, 1, 1.19209e-07, 1.78814e-07, -0.0636848 )
bone_name = "coller_r"
joint_constraints/bias = 0.3
joint_constraints/damping = 1.0
joint_constraints/impulse_clamp = 0.0

[node name="CollisionShape" type="CollisionShape" parent="Armature/Skeleton/Physical Bone coller_r" index="0"]
shape = SubResource( 10 )

[node name="Physical Bone upper_arm_r" type="PhysicalBone" parent="Armature/Skeleton" index="12"]
transform = Transform( -0.954945, -0.083395, -0.284824, 0.0989333, -0.994266, -0.0405834, -0.279806, -0.0669334, 0.95772, -0.154086, 1.4925, 0.0511105 )
joint_type = 1
joint_offset = Transform( 1, 0, 0, 0, 1, 0, 0, 0, 1, -1.56063e-07, 1.08621e-06, 0.149106 )
body_offset = Transform( 1, 9.87202e-08, 4.47035e-07, -6.51926e-08, 1, -8.9407e-08, 2.38419e-07, 0, 1, 8.9407e-08, -1.07288e-06, -0.149106 )
bone_name = "upper_arm_r"
joint_constraints/bias = 0.3
joint_constraints/damping = 1.0
joint_constraints/impulse_clamp = 0.0

[node name="CollisionShape" type="CollisionShape" parent="Armature/Skeleton/Physical Bone upper_arm_r" index="0"]
shape = SubResource( 11 )

[node name="Physical Bone lower_arm_r" type="PhysicalBone" parent="Armature/Skeleton" index="13"]
transform = Transform( -0.916093, 0.395486, -0.0660633, 0.0602314, 0.298622, 0.952469, 0.396416, 0.868571, -0.297386, -0.213316, 1.07303, 0.210455 )
joint_type = 1
joint_offset = Transform( 1, 0, 0, 0, 1, 0, 0, 0, 1, -2.46649e-07, 2.34223e-07, 0.122748 )
body_offset = Transform( 1, 2.98023e-08, 6.70552e-08, -5.96046e-08, 1, -2.08616e-07, -8.19564e-08, 2.98023e-08, 1, 2.38419e-07, -2.08616e-07, -0.122748 )
bone_name = "lower_arm_r"
joint_constraints/bias = 0.3
joint_constraints/damping = 1.0
joint_constraints/impulse_clamp = 0.0

[node name="CollisionShape" type="CollisionShape" parent="Armature/Skeleton/Physical Bone lower_arm_r" index="0"]
shape = SubResource( 12 )

[node name="Physical Bone hand_r" type="PhysicalBone" parent="Armature/Skeleton" index="14"]
transform = Transform( -0.99928, 0.0343796, -0.0160331, -0.0183891, -0.0693456, 0.997423, 0.0331791, 0.997, 0.0699278, -0.123344, 1.20163, 0.382862 )
joint_type = 1
joint_offset = Transform( 1, 0, 0, 0, 1, 0, 0, 0, 1, 6.88953e-09, -2.36117e-07, 0.0617857 )
body_offset = Transform( 1, -5.21541e-08, 9.0804e-09, 1.86265e-08, 1, -3.72529e-08, -1.6531e-08, 8.9407e-08, 1, -7.45058e-09, 2.38419e-07, -0.0617857 )
bone_name = "hand_r"
joint_constraints/bias = 0.3
joint_constraints/damping = 1.0
joint_constraints/impulse_clamp = 0.0

[node name="CollisionShape" type="CollisionShape" parent="Armature/Skeleton/Physical Bone hand_r" index="0"]
shape = SubResource( 13 )

[node name="Physical Bone upper_thumb_r" type="PhysicalBone" parent="Armature/Skeleton" index="15"]
transform = Transform( -0.902338, 0.382177, -0.199314, 0.0137867, 0.48777, 0.872864, 0.430808, 0.78487, -0.445402, -0.112864, 1.21302, 0.412815 )
joint_type = 1
joint_offset = Transform( 1, 0, 0, 0, 1, 0, 0, 0, 1, 1.08919e-07, -2.40113e-08, 0.0575491 )
body_offset = Transform( 1, -8.9407e-08, 1.78814e-07, 2.98023e-08, 1, 4.17233e-07, 7.45058e-08, 2.68221e-07, 1, -1.19209e-07, 0, -0.0575491 )
bone_name = "upper_thumb_r"
joint_constraints/bias = 0.3
joint_constraints/damping = 1.0
joint_constraints/impulse_clamp = 0.0

[node name="CollisionShape" type="CollisionShape" parent="Armature/Skeleton/Physical Bone upper_thumb_r" index="0"]
shape = SubResource( 14 )

[node name="Physical Bone thigh_l" type="PhysicalBone" parent="Armature/Skeleton" index="16"]
transform = Transform( -0.998016, 0.00107517, 0.0443868, 0.0187703, -0.898322, 0.439249, 0.0404438, 0.441307, 0.889492, 0.0855911, 0.852173, -0.175115 )
joint_type = 1
joint_offset = Transform( 1, 0, 0, 0, 1, 0, 0, 0, 1, -3.07494e-08, -4.10514e-07, 0.225423 )
body_offset = Transform( 1, 1.86265e-08, 3.72529e-08, 1.67638e-08, 1, -2.98023e-08, -4.84288e-08, -1.49012e-07, 1, 2.23517e-08, 4.17233e-07, -0.225423 )
bone_name = "thigh_l"
joint_constraints/bias = 0.3
joint_constraints/damping = 1.0
joint_constraints/impulse_clamp = 0.0

[node name="CollisionShape" type="CollisionShape" parent="Armature/Skeleton/Physical Bone thigh_l" index="0"]
shape = SubResource( 15 )

[node name="Physical Bone shin_l" type="PhysicalBone" parent="Armature/Skeleton" index="17"]
transform = Transform( -0.998018, -0.00623667, 0.0433449, 0.0237422, -0.911736, 0.410885, 0.0370395, 0.413534, 0.902905, 0.0866261, 0.456553, 0.0273913 )
joint_type = 1
joint_offset = Transform( 1, 0, 0, 0, 1, 0, 0, 0, 1, 4.29415e-08, 3.80929e-07, 0.218147 )
body_offset = Transform( 1, 8.3819e-09, -2.6077e-08, 3.44589e-08, 1, 2.98023e-08, -1.49012e-08, 5.96046e-08, 1, -3.72529e-08, -3.8743e-07, -0.218147 )
bone_name = "shin_l"
joint_constraints/bias = 0.3
joint_constraints/damping = 1.0
joint_constraints/impulse_clamp = 0.0

[node name="CollisionShape" type="CollisionShape" parent="Armature/Skeleton/Physical Bone shin_l" index="0"]
shape = SubResource( 16 )

[node name="Physical Bone foot_l" type="PhysicalBone" parent="Armature/Skeleton" index="18"]
transform = Transform( -0.998738, -0.00770011, -0.0404746, -0.0265318, -0.626037, 0.779747, -0.0306583, 0.776396, 0.618717, 0.0961339, 0.0949736, 0.362386 )
joint_type = 1
joint_offset = Transform( 1, 0, 0, 0, 1, 0, 0, 0, 1, 1.18381e-08, -5.34786e-08, 0.0685192 )
body_offset = Transform( 1, 3.1665e-08, 4.47035e-08, -7.45058e-09, 1, -8.9407e-08, 2.42144e-08, 1.78814e-07, 1, -1.49012e-08, 5.96046e-08, -0.0685192 )
bone_name = "foot_l"
joint_constraints/bias = 0.3
joint_constraints/damping = 1.0
joint_constraints/impulse_clamp = 0.0

[node name="CollisionShape" type="CollisionShape" parent="Armature/Skeleton/Physical Bone foot_l" index="0"]
shape = SubResource( 17 )

[node name="Physical Bone thigh_r" type="PhysicalBone" parent="Armature/Skeleton" index="19"]
transform = Transform( -0.998984, -0.00422875, -0.00447153, 0.00609953, -0.786867, -0.614659, -0.000917622, -0.617677, 0.780551, -0.0945889, 1.08975, -0.150557 )
joint_type = 1
joint_offset = Transform( 1, 0, 0, 0, 1, 0, 0, 0, 1, -6.51666e-09, -5.96046e-08, 0.225422 )
body_offset = Transform( 1, -1.36788e-08, -3.71947e-08, 1.04192e-08, 1, 0, -1.16415e-10, 5.96046e-08, 1, 1.49012e-08, 5.96046e-08, -0.225422 )
bone_name = "thigh_r"
joint_constraints/bias = 0.3
joint_constraints/damping = 1.0
joint_constraints/impulse_clamp = 0.0

[node name="CollisionShape" type="CollisionShape" parent="Armature/Skeleton/Physical Bone thigh_r" index="0"]
shape = SubResource( 18 )

[node name="Physical Bone shin_r" type="PhysicalBone" parent="Armature/Skeleton" index="20"]
transform = Transform( -0.998398, 0.0335889, -0.000622611, -0.021459, -0.652404, -0.75551, -0.0259023, -0.756844, 0.645919, -0.0973676, 0.761248, -0.393985 )
joint_type = 1
joint_offset = Transform( 1, 0, 0, 0, 1, 0, 0, 0, 1, -1.00252e-08, 7.8303e-08, 0.218147 )
body_offset = Transform( 1, 1.30385e-08, -2.23517e-08, 2.04891e-08, 1, 1.19209e-07, 2.42144e-08, 2.98023e-08, 1, 1.49012e-08, -1.04308e-07, -0.218147 )
bone_name = "shin_r"
joint_constraints/bias = 0.3
joint_constraints/damping = 1.0
joint_constraints/impulse_clamp = 0.0

[node name="CollisionShape" type="CollisionShape" parent="Armature/Skeleton/Physical Bone shin_r" index="0"]
shape = SubResource( 19 )

[node name="Physical Bone foot_r" type="PhysicalBone" parent="Armature/Skeleton" index="21"]
transform = Transform( -0.999012, 0.00135374, -0.000376164, -0.000566727, -0.6394, -0.767643, -0.001318, -0.764101, 0.636884, -0.0828231, 0.364394, -0.626925 )
joint_type = 1
joint_offset = Transform( 1, 0, 0, 0, 1, 0, 0, 0, 1, -3.36793e-08, -5.96046e-08, 0.0685192 )
body_offset = Transform( 1, 0, -5.21541e-08, 3.71365e-08, 1, 0, 1.49012e-08, -2.98023e-08, 1, 3.72529e-08, 5.96046e-08, -0.0685192 )
bone_name = "foot_r"
joint_constraints/bias = 0.3
joint_constraints/damping = 1.0
joint_constraints/impulse_clamp = 0.0

[node name="CollisionShape" type="CollisionShape" parent="Armature/Skeleton/Physical Bone foot_r" index="0"]
shape = SubResource( 20 )

[node name="SkeletonIK" type="SkeletonIK" parent="Armature/Skeleton" index="22"]
process_priority = 1
root_bone = "hips"
tip_bone = "spine"
target_node = NodePath("../tilt")

[node name="tilt" type="Position3D" parent="Armature/Skeleton" index="23"]
transform = Transform( 1, 0, 0, 0, 1, 0, 0, 0, 1, 0, 1, 0 )

[node name="AnimationTree" type="AnimationTree" parent="." index="2"]
tree_root = ExtResource( 1 )
anim_player = NodePath("../AnimationPlayer")
active = true
parameters/Blend3/blend_amount = 1.0
parameters/aim/blend_amount = 1.0
parameters/speed/scale = 1.0
parameters/stance/blend_amount = 1.0
parameters/strafe/add_amount = 0.0
parameters/strafe_dir/blend_amount = 0.0
