[gd_scene load_steps=26 format=2]

[ext_resource path="res://resources/AnimTrees/male.tres" type="AnimationNodeBlendTree" id=1]
[ext_resource path="res://models/ussr male/ussr male.glb" type="PackedScene" id=2]
[ext_resource path="res://models/smg2/smg2.glb" type="PackedScene" id=3]
[ext_resource path="res://models/br/br.glb" type="PackedScene" id=4]
[ext_resource path="res://models/pistol/pistol.glb" type="PackedScene" id=5]

[sub_resource type="CapsuleShape" id=1]
radius = 0.0251345
height = 0.201076

[sub_resource type="CapsuleShape" id=2]
radius = 0.0219296
height = 0.175437

[sub_resource type="CapsuleShape" id=3]
radius = 0.0189146
height = 0.151317

[sub_resource type="CapsuleShape" id=4]
radius = 0.00949793
height = 0.0759834

[sub_resource type="CapsuleShape" id=5]
radius = 0.012737
height = 0.101896

[sub_resource type="CapsuleShape" id=6]
radius = 0.0298213
height = 0.23857

[sub_resource type="CapsuleShape" id=7]
radius = 0.0245496
height = 0.196397

[sub_resource type="CapsuleShape" id=8]
radius = 0.0123571
height = 0.0988564

[sub_resource type="CapsuleShape" id=9]
radius = 0.0115097
height = 0.0920773

[sub_resource type="CapsuleShape" id=10]
radius = 0.012737
height = 0.101896

[sub_resource type="CapsuleShape" id=11]
radius = 0.0298213
height = 0.23857

[sub_resource type="CapsuleShape" id=12]
radius = 0.0245496
height = 0.196397

[sub_resource type="CapsuleShape" id=13]
radius = 0.0123571
height = 0.0988564

[sub_resource type="CapsuleShape" id=14]
radius = 0.0115097
height = 0.0920773

[sub_resource type="CapsuleShape" id=15]
radius = 0.0450845
height = 0.360676

[sub_resource type="CapsuleShape" id=16]
radius = 0.0436294
height = 0.349035

[sub_resource type="CapsuleShape" id=17]
radius = 0.0137038
height = 0.109631

[sub_resource type="CapsuleShape" id=18]
radius = 0.0450845
height = 0.360676

[sub_resource type="CapsuleShape" id=19]
radius = 0.0436294
height = 0.349035

[sub_resource type="CapsuleShape" id=20]
radius = 0.0137038
height = 0.109631

[node name="ussr male" instance=ExtResource( 2 )]

[node name="hand_r" type="BoneAttachment" parent="Armature/Skeleton" index="1"]
transform = Transform( -0.953012, 0.0011333, 0.30293, -0.0706029, -0.973286, -0.218474, 0.294589, -0.229596, 0.927633, -0.222115, 1.01914, -0.111938 )
bone_name = "hand_r"

[node name="helper" type="Spatial" parent="Armature/Skeleton/hand_r" index="0"]
transform = Transform( 1, -6.55651e-07, 2.86594e-14, 0, -4.37114e-08, -1, 6.55651e-07, 1, -4.37114e-08, 0.0108306, 0.0695195, -0.0448492 )
visible = false

[node name="pistol" parent="Armature/Skeleton/hand_r/helper" index="0" instance=ExtResource( 5 )]
transform = Transform( 0.248137, 0, 0.0304673, 0, 0.25, 0, -0.0304673, 0, 0.248137, -0.000339597, -0.00556993, 0.000575036 )
visible = false

[node name="smg2" parent="Armature/Skeleton/hand_r/helper" index="1" instance=ExtResource( 3 )]
transform = Transform( 0.297764, 0, 0.0365608, 0, 0.3, 0, -0.0365608, 0, 0.297764, -0.0016534, 0.0538143, -0.0743475 )
visible = false

[node name="br" parent="Armature/Skeleton/hand_r/helper" index="2" instance=ExtResource( 4 )]
transform = Transform( 0.297764, 0, 0.0365608, 0, 0.3, 0, -0.0365608, 0, 0.297764, 0, 0.067, -0.063 )

[node name="Physical Bone hips" type="PhysicalBone" parent="Armature/Skeleton" index="2"]
transform = Transform( 1, -1.86265e-09, -1.49012e-08, -9.31322e-10, 0.969656, -0.244473, 7.45058e-09, 0.244473, 0.969656, 1.17418e-09, 0.95224, -0.141229 )
joint_offset = Transform( 1, 0, 0, 0, 1, 0, 0, 0, 1, 4.65661e-10, 1.78814e-07, 0.125673 )
body_offset = Transform( 1, -1.55431e-15, -8.88178e-16, 0, 1, 0, -1.33227e-15, 0, 1, -4.65661e-10, -1.78814e-07, -0.125673 )
bone_name = "hips"

[node name="CollisionShape" type="CollisionShape" parent="Armature/Skeleton/Physical Bone hips" index="0"]
shape = SubResource( 1 )

[node name="Physical Bone spine" type="PhysicalBone" parent="Armature/Skeleton" index="3"]
transform = Transform( 1, 1.38038e-09, 5.01909e-08, 4.22046e-09, 0.997022, -0.0771209, -6.31492e-08, 0.0771212, 0.997022, -7.13566e-09, 1.17369, -0.0672436 )
joint_type = 1
joint_offset = Transform( 1, 0, 0, 0, 1, 0, 0, 0, 1, 9.31323e-10, 8.65316e-08, 0.109648 )
body_offset = Transform( 1, -9.31323e-10, -7.10543e-15, -4.65662e-10, 1, 2.98023e-07, -3.72529e-09, 0, 1, -9.31322e-10, -1.19209e-07, -0.109648 )
bone_name = "spine"
joint_constraints/bias = 0.3
joint_constraints/damping = 1.0
joint_constraints/impulse_clamp = 0.0

[node name="CollisionShape" type="CollisionShape" parent="Armature/Skeleton/Physical Bone spine" index="0"]
shape = SubResource( 2 )

[node name="Physical Bone chest" type="PhysicalBone" parent="Armature/Skeleton" index="4"]
transform = Transform( 0.996455, -0.0193432, -0.0818704, 2.65601e-08, 0.973206, -0.229936, 0.0841244, 0.229121, 0.969757, 0.00774271, 1.40562, -0.0327223 )
joint_type = 1
joint_offset = Transform( 1, 0, 0, 0, 1, 0, 0, 0, 1, -2.79396e-09, -1.06161e-06, 0.094573 )
body_offset = Transform( 1, 9.31323e-09, 0, -5.58794e-09, 1, -1.19209e-07, -2.98023e-08, 1.78814e-07, 1, 2.79397e-09, 1.07288e-06, -0.0945731 )
bone_name = "chest"
joint_constraints/bias = 0.3
joint_constraints/damping = 1.0
joint_constraints/impulse_clamp = 0.0

[node name="CollisionShape" type="CollisionShape" parent="Armature/Skeleton/Physical Bone chest" index="0"]
shape = SubResource( 3 )

[node name="Physical Bone neck" type="PhysicalBone" parent="Armature/Skeleton" index="5"]
transform = Transform( 0.999979, 0.00407397, 0.00503452, -1.81754e-08, 0.777365, -0.62905, -0.0064764, 0.629036, 0.777349, -0.00389778, 1.59783, 0.0654115 )
joint_type = 1
joint_offset = Transform( 1, 0, 0, 0, 1, 0, 0, 0, 1, -3.55091e-10, -2.48028e-18, 0.0474896 )
body_offset = Transform( 1, -3.35276e-08, -2.32831e-09, -6.98492e-09, 1, 0, -4.65661e-10, 5.96046e-08, 1, 4.65661e-10, 0, -0.0474896 )
bone_name = "neck"
joint_constraints/bias = 0.3
joint_constraints/damping = 1.0
joint_constraints/impulse_clamp = 0.0

[node name="CollisionShape" type="CollisionShape" parent="Armature/Skeleton/Physical Bone neck" index="0"]
shape = SubResource( 4 )

[node name="Physical Bone coller_l" type="PhysicalBone" parent="Armature/Skeleton" index="6"]
transform = Transform( -0.13887, 0.982844, -0.121382, -0.957205, -0.164642, -0.238015, -0.253917, 0.0831341, 0.963647, 0.0745639, 1.5603, 0.0411385 )
joint_type = 1
joint_offset = Transform( 1, 0, 0, 0, 1, 0, 0, 0, 1, -9.5747e-07, -1.30033e-08, 0.0636842 )
body_offset = Transform( 1, 9.49949e-08, 5.96046e-08, -8.9407e-08, 1, -2.98023e-08, -2.08616e-07, -5.21541e-08, 1, 9.53674e-07, 1.49012e-08, -0.0636842 )
bone_name = "coller_l"
joint_constraints/bias = 0.3
joint_constraints/damping = 1.0
joint_constraints/impulse_clamp = 0.0

[node name="CollisionShape" type="CollisionShape" parent="Armature/Skeleton/Physical Bone coller_l" index="0"]
shape = SubResource( 5 )

[node name="Physical Bone upper_arm_l" type="PhysicalBone" parent="Armature/Skeleton" index="7"]
transform = Transform( -0.841495, 0.393175, -0.370538, -0.496221, -0.833703, 0.242287, -0.213658, 0.387753, 0.896659, 0.247268, 1.48805, -0.0206007 )
joint_type = 1
joint_offset = Transform( 1, 0, 0, 0, 1, 0, 0, 0, 1, -2.69139e-07, -3.26522e-07, 0.149106 )
body_offset = Transform( 1, -8.9407e-08, -1.93715e-07, -2.38419e-07, 1, -2.08616e-07, -2.98023e-08, -5.96046e-08, 1, 2.98023e-07, 3.57628e-07, -0.149106 )
bone_name = "upper_arm_l"
joint_constraints/bias = 0.3
joint_constraints/damping = 1.0
joint_constraints/impulse_clamp = 0.0

[node name="CollisionShape" type="CollisionShape" parent="Armature/Skeleton/Physical Bone upper_arm_l" index="0"]
shape = SubResource( 6 )

[node name="Physical Bone lower_arm_l" type="PhysicalBone" parent="Armature/Skeleton" index="8"]
transform = Transform( -0.449316, -0.626617, -0.636762, -0.892534, 0.34574, 0.289564, 0.0387083, 0.698437, -0.714623, 0.387429, 1.24001, 0.316448 )
joint_type = 1
joint_offset = Transform( 1, 0, 0, 0, 1, 0, 0, 0, 1, -3.61286e-07, -2.2486e-08, 0.122748 )
body_offset = Transform( 1, 2.23517e-08, 2.98023e-08, -8.56817e-08, 1, -5.96046e-08, 7.26432e-08, 4.17233e-07, 1, 3.57628e-07, 2.98023e-08, -0.122748 )
bone_name = "lower_arm_l"
joint_constraints/bias = 0.3
joint_constraints/damping = 1.0
joint_constraints/impulse_clamp = 0.0

[node name="CollisionShape" type="CollisionShape" parent="Armature/Skeleton/Physical Bone lower_arm_l" index="0"]
shape = SubResource( 7 )

[node name="Physical Bone hand_l" type="PhysicalBone" parent="Armature/Skeleton" index="9"]
transform = Transform( -0.457162, -0.600724, -0.655846, -0.888114, 0.34772, 0.300571, 0.04749, 0.719876, -0.692476, 0.195958, 1.34186, 0.442977 )
joint_type = 1
joint_offset = Transform( 1, 0, 0, 0, 1, 0, 0, 0, 1, 2.28291e-07, 5.77633e-08, 0.0617854 )
body_offset = Transform( 1, 8.9407e-08, 1.63913e-07, 5.58794e-08, 1, 2.98023e-08, -5.58794e-08, 2.68221e-07, 1, -2.38419e-07, -5.96046e-08, -0.0617854 )
bone_name = "hand_l"
joint_constraints/bias = 0.3
joint_constraints/damping = 1.0
joint_constraints/impulse_clamp = 0.0

[node name="CollisionShape" type="CollisionShape" parent="Armature/Skeleton/Physical Bone hand_l" index="0"]
shape = SubResource( 8 )

[node name="Physical Bone upper_thumb_l" type="PhysicalBone" parent="Armature/Skeleton" index="10"]
transform = Transform( -0.22512, -0.952754, -0.203912, -0.956242, 0.175907, 0.23379, -0.186875, 0.24762, -0.950664, 0.167171, 1.34698, 0.454902 )
joint_type = 1
joint_offset = Transform( 1, 0, 0, 0, 1, 0, 0, 0, 1, -2.44421e-07, 1.25212e-07, 0.0575483 )
body_offset = Transform( 1, 1.93715e-07, 1.04308e-07, 1.19209e-07, 1, -1.04308e-07, 1.04308e-07, -2.98023e-08, 1, 2.38419e-07, -1.19209e-07, -0.0575483 )
bone_name = "upper_thumb_l"
joint_constraints/bias = 0.3
joint_constraints/damping = 1.0
joint_constraints/impulse_clamp = 0.0

[node name="CollisionShape" type="CollisionShape" parent="Armature/Skeleton/Physical Bone upper_thumb_l" index="0"]
shape = SubResource( 9 )

[node name="Physical Bone coller_r" type="PhysicalBone" parent="Armature/Skeleton" index="11"]
transform = Transform( -0.179474, -0.98287, -0.041894, 0.957205, -0.164642, -0.238015, 0.227041, -0.0828187, 0.970358, -0.070516, 1.5603, 0.02889 )
joint_type = 1
joint_offset = Transform( 1, 0, 0, 0, 1, 0, 0, 0, 1, 2.42214e-07, -1.62015e-07, 0.0636847 )
body_offset = Transform( 1, 1.67638e-08, -5.96046e-08, 4.47035e-08, 1, -2.98023e-08, -4.47035e-08, 7.45058e-09, 1, -2.38419e-07, 1.63913e-07, -0.0636847 )
bone_name = "coller_r"
joint_constraints/bias = 0.3
joint_constraints/damping = 1.0
joint_constraints/impulse_clamp = 0.0

[node name="CollisionShape" type="CollisionShape" parent="Armature/Skeleton/Physical Bone coller_r" index="0"]
shape = SubResource( 10 )

[node name="Physical Bone upper_arm_r" type="PhysicalBone" parent="Armature/Skeleton" index="12"]
transform = Transform( -0.983084, -0.0587357, 0.173479, -0.0595305, -0.793284, -0.605935, 0.173209, -0.606013, 0.776369, -0.224239, 1.61453, -0.0356224 )
joint_type = 1
joint_offset = Transform( 1, 0, 0, 0, 1, 0, 0, 0, 1, -1.62861e-07, 8.43352e-07, 0.149106 )
body_offset = Transform( 1, 5.96046e-08, 3.42727e-07, -7.45058e-08, 1, -5.96046e-08, 2.23517e-07, -2.98023e-08, 1, 1.11759e-07, -8.34465e-07, -0.149106 )
bone_name = "upper_arm_r"
joint_constraints/bias = 0.3
joint_constraints/damping = 1.0
joint_constraints/impulse_clamp = 0.0

[node name="CollisionShape" type="CollisionShape" parent="Armature/Skeleton/Physical Bone upper_arm_r" index="0"]
shape = SubResource( 11 )

[node name="Physical Bone lower_arm_r" type="PhysicalBone" parent="Armature/Skeleton" index="13"]
transform = Transform( -0.965499, 0.035036, 0.258038, -0.12985, -0.9237, -0.36044, 0.225721, -0.381511, 0.896382, -0.247561, 1.33185, -0.210611 )
joint_type = 1
joint_offset = Transform( 1, 0, 0, 0, 1, 0, 0, 0, 1, -2.03549e-08, 1.375e-07, 0.122748 )
body_offset = Transform( 1, 2.98023e-08, 5.96046e-08, -3.72529e-08, 1, -1.49012e-07, -2.98023e-08, 0, 1, 1.30385e-08, -1.19209e-07, -0.122748 )
bone_name = "lower_arm_r"
joint_constraints/bias = 0.3
joint_constraints/damping = 1.0
joint_constraints/impulse_clamp = 0.0

[node name="CollisionShape" type="CollisionShape" parent="Armature/Skeleton/Physical Bone lower_arm_r" index="0"]
shape = SubResource( 12 )

[node name="Physical Bone hand_r" type="PhysicalBone" parent="Armature/Skeleton" index="14"]
transform = Transform( -0.965863, 0.0148186, 0.258627, -0.118222, -0.91355, -0.389165, 0.230502, -0.406455, 0.884117, -0.223265, 1.08489, -0.248867 )
joint_type = 1
joint_offset = Transform( 1, 0, 0, 0, 1, 0, 0, 0, 1, -1.08954e-07, -1.78814e-07, 0.0617854 )
body_offset = Transform( 1, -5.96046e-08, 1.49012e-08, 0, 1, 0, -1.49012e-08, 8.9407e-08, 1, 1.08033e-07, 1.78814e-07, -0.0617854 )
bone_name = "hand_r"
joint_constraints/bias = 0.3
joint_constraints/damping = 1.0
joint_constraints/impulse_clamp = 0.0

[node name="CollisionShape" type="CollisionShape" parent="Armature/Skeleton/Physical Bone hand_r" index="0"]
shape = SubResource( 13 )

[node name="Physical Bone upper_thumb_r" type="PhysicalBone" parent="Armature/Skeleton" index="15"]
transform = Transform( -0.903495, 0.424122, 0.0617849, -0.418666, -0.904194, 0.0845797, 0.0917377, 0.0505508, 0.9945, -0.210842, 1.05598, -0.251474 )
joint_type = 1
joint_offset = Transform( 1, 0, 0, 0, 1, 0, 0, 0, 1, 1.70667e-07, -1.95091e-08, 0.0575487 )
body_offset = Transform( 1, -9.22009e-08, 1.41561e-07, -4.19095e-09, 1, 3.39001e-07, 2.98023e-08, 1.49012e-07, 1, -1.78814e-07, 0, -0.0575487 )
bone_name = "upper_thumb_r"
joint_constraints/bias = 0.3
joint_constraints/damping = 1.0
joint_constraints/impulse_clamp = 0.0

[node name="CollisionShape" type="CollisionShape" parent="Armature/Skeleton/Physical Bone upper_thumb_r" index="0"]
shape = SubResource( 14 )

[node name="Physical Bone thigh_l" type="PhysicalBone" parent="Armature/Skeleton" index="16"]
transform = Transform( -0.998192, 0.0380913, -0.0152959, -0.0259205, -0.874962, -0.481317, -0.0318025, -0.482462, 0.86952, 0.0990449, 1.06671, -0.169443 )
joint_type = 1
joint_offset = Transform( 1, 0, 0, 0, 1, 0, 0, 0, 1, -2.73903e-08, -2.38419e-07, 0.225423 )
body_offset = Transform( 1, 1.67638e-08, 2.23517e-08, 1.67638e-08, 1, 0, -2.98023e-08, -1.49012e-07, 1, 2.23517e-08, 2.38419e-07, -0.225423 )
bone_name = "thigh_l"
joint_constraints/bias = 0.3
joint_constraints/damping = 1.0
joint_constraints/impulse_clamp = 0.0

[node name="CollisionShape" type="CollisionShape" parent="Armature/Skeleton/Physical Bone thigh_l" index="0"]
shape = SubResource( 15 )

[node name="Physical Bone shin_l" type="PhysicalBone" parent="Armature/Skeleton" index="17"]
transform = Transform( -0.996439, -0.0643352, -0.0239835, 0.0512893, -0.46498, -0.882154, 0.0455971, -0.881621, 0.460403, 0.118002, 0.756179, -0.291384 )
joint_type = 1
joint_offset = Transform( 1, 0, 0, 0, 1, 0, 0, 0, 1, 4.67351e-08, 2.91522e-07, 0.218147 )
body_offset = Transform( 1, 1.11759e-08, -9.31323e-09, 3.72529e-08, 1, 2.98023e-08, -9.31323e-09, 2.98023e-08, 1, -4.47035e-08, -2.98023e-07, -0.218147 )
bone_name = "shin_l"
joint_constraints/bias = 0.3
joint_constraints/damping = 1.0
joint_constraints/impulse_clamp = 0.0

[node name="CollisionShape" type="CollisionShape" parent="Armature/Skeleton/Physical Bone shin_l" index="0"]
shape = SubResource( 16 )

[node name="Physical Bone foot_l" type="PhysicalBone" parent="Armature/Skeleton" index="18"]
transform = Transform( -0.998822, 0.00402398, -0.0125012, 0.00843845, -0.528049, -0.849505, -0.0101951, -0.843451, 0.525522, 0.0855577, 0.41908, -0.611602 )
joint_type = 1
joint_offset = Transform( 1, 0, 0, 0, 1, 0, 0, 0, 1, 5.28092e-09, -6.77728e-08, 0.0685192 )
body_offset = Transform( 1, 1.76951e-08, 3.1665e-08, -1.39698e-08, 1, 1.19209e-07, 1.72295e-08, 2.08616e-07, 1, -7.45058e-09, 5.96046e-08, -0.0685192 )
bone_name = "foot_l"
joint_constraints/bias = 0.3
joint_constraints/damping = 1.0
joint_constraints/impulse_clamp = 0.0

[node name="CollisionShape" type="CollisionShape" parent="Armature/Skeleton/Physical Bone foot_l" index="0"]
shape = SubResource( 17 )

[node name="Physical Bone thigh_r" type="PhysicalBone" parent="Armature/Skeleton" index="19"]
transform = Transform( -0.997709, 0.0122546, -0.0491918, -0.0293184, -0.932957, 0.359779, -0.0415942, 0.361678, 0.924457, -0.084508, 0.87711, -0.181826 )
joint_type = 1
joint_offset = Transform( 1, 0, 0, 0, 1, 0, 0, 0, 1, -8.18307e-09, -1.19209e-07, 0.225422 )
body_offset = Transform( 1, -1.30385e-08, -2.98023e-08, 1.02445e-08, 1, 0, 3.72529e-09, -8.9407e-08, 1, 1.49012e-08, 1.19209e-07, -0.225422 )
bone_name = "thigh_r"
joint_constraints/bias = 0.3
joint_constraints/damping = 1.0
joint_constraints/impulse_clamp = 0.0

[node name="CollisionShape" type="CollisionShape" parent="Armature/Skeleton/Physical Bone thigh_r" index="0"]
shape = SubResource( 18 )

[node name="Physical Bone shin_r" type="PhysicalBone" parent="Armature/Skeleton" index="20"]
transform = Transform( -0.997717, 0.0136447, -0.0481485, -0.0299995, -0.935215, 0.354267, -0.0403002, 0.356285, 0.92666, -0.0795685, 0.460311, -0.0125207 )
joint_type = 1
joint_offset = Transform( 1, 0, 0, 0, 1, 0, 0, 0, 1, -3.38728e-09, 7.64044e-08, 0.218147 )
body_offset = Transform( 1, 9.31323e-09, -1.86265e-08, 2.23517e-08, 1, 5.96046e-08, 7.45058e-09, 0, 1, 7.45058e-09, -8.9407e-08, -0.218147 )
bone_name = "shin_r"
joint_constraints/bias = 0.3
joint_constraints/damping = 1.0
joint_constraints/impulse_clamp = 0.0

[node name="CollisionShape" type="CollisionShape" parent="Armature/Skeleton/Physical Bone shin_r" index="0"]
shape = SubResource( 19 )

[node name="Physical Bone foot_r" type="PhysicalBone" parent="Armature/Skeleton" index="21"]
transform = Transform( -0.999351, 0.00318658, 0.00853571, 0.00604444, -0.455398, 0.890913, 0.00621589, 0.885749, 0.449281, -0.0847038, 0.0685201, 0.314288 )
joint_type = 1
joint_offset = Transform( 1, 0, 0, 0, 1, 0, 0, 0, 1, -3.50513e-08, 2.04203e-09, 0.0685192 )
body_offset = Transform( 1, -4.65661e-10, -3.21306e-08, 3.11993e-08, 1, -2.98023e-08, 7.45058e-09, 2.98023e-08, 1, 3.72529e-08, 0, -0.0685192 )
bone_name = "foot_r"
joint_constraints/bias = 0.3
joint_constraints/damping = 1.0
joint_constraints/impulse_clamp = 0.0

[node name="CollisionShape" type="CollisionShape" parent="Armature/Skeleton/Physical Bone foot_r" index="0"]
shape = SubResource( 20 )

[node name="SkeletonIK" type="SkeletonIK" parent="Armature/Skeleton" index="22"]
process_priority = 1
root_bone = "hips"
tip_bone = "spine"
target_node = NodePath("../tilt")

[node name="tilt" type="Position3D" parent="Armature/Skeleton" index="23"]
transform = Transform( 1, 0, 0, 0, 1, 0, 0, 0, 1, 0, 1, 0 )

[node name="AnimationTree" type="AnimationTree" parent="." index="2"]
tree_root = ExtResource( 1 )
anim_player = NodePath("../AnimationPlayer")
active = true
parameters/Blend3/blend_amount = 1.0
parameters/aim/blend_amount = 0.0
parameters/speed/scale = 1.0
parameters/stance/blend_amount = 1.0
parameters/strafe/add_amount = 0.0
parameters/strafe_dir/blend_amount = 0.0
